OFDCFDAT
20  
02       
379      
20180104
999
C3
02      
379     
015
SEQUENCENO
FUNDCODE
SHARECLASS
VOLLOWERLIMIT
VOLUPPERLIMIT
DAYSLOWERLIMIT
CODEOFTARGETFUND
TARGETSHARETYPE
INDIVIDUALORINSTITUTION
REGISTRARCODE
TARGETREGISTRARCODE
WHOLEFLAG
MODIFYWAY
OPERATEDATE
DOWNLOADDATE
00000020
00000000000000000001000511000000000000100009999999999999990000000200070202  1 2000010120180104
00000000000000000002000511000000000000100009999999999999990000000200310202  1 2000010120180104
00000000000000000003000511000000000000100009999999999999990000000001930202  1 2000010120180104
00000000000000000004000511000000000000100009999999999999990000000215310202  1 2000010120180104
00000000000000000005020007000000000000100009999999999999990000000200310202  1 2000010120180104
00000000000000000006020007000000000000100009999999999999990000000001930202  1 2000010120180104
00000000000000000007020007000000000000100009999999999999990000000215310202  1 2000010120180104
00000000000000000008020007000000000000100009999999999999990000000005110202  1 2000010120180104
00000000000000000009021531000000000001000009999999999999990000000200070202  1 2000010120180104
00000000000000000010021531000000000001000009999999999999990000000200310202  1 2000010120180104
00000000000000000011021531000000000001000009999999999999990000000001930202  1 2000010120180104
00000000000000000012021531000000000001000009999999999999990000000005110202  1 2000010120180104
00000000000000000013000193000000000000100009999999999999990000000200070202  1 2000010120180104
00000000000000000014000193000000000000100009999999999999990000000200310202  1 2000010120180104
00000000000000000015000193000000000000100009999999999999990000000215310202  1 2000010120180104
00000000000000000016000193000000000000100009999999999999990000000005110202  1 2000010120180104
00000000000000000017020031000000000001000009999999999999990000000200070202  1 2000010120180104
00000000000000000018020031000000000001000009999999999999990000000001930202  1 2000010120180104
00000000000000000019020031000000000001000009999999999999990000000215310202  1 2000010120180104
00000000000000000020020031000000000001000009999999999999990000000005110202  1 2000010120180104
OFDCFEND
